Random Numbers 1 
0.14391     0.60596     0.25448     0.32415     0.40179     0.40637     0.38619      0.6098     0.16689     0.18809    0.094629     0.32319      0.7696
0.23412     0.74037     0.69282     0.82408     0.82798     0.29337     0.30937     0.52303      0.3253     0.83184     0.81029       0.557     0.26296
0.68057     0.23365     0.45643     0.38457      0.5386      0.9917     0.75522     0.98045     0.23478     0.52856    0.051436     0.75688     0.60198
0.85717     0.98828     0.92948     0.40951  0.00034146     0.54088     0.20773     0.21928     0.32581    0.095949     0.74753     0.74851      0.5433
0.33813     0.83233     0.55257     0.95754     0.89283      0.3565      0.5464     0.34668      0.6228     0.79662     0.74587     0.12554     0.82239
0.025151     0.41443     0.73141     0.78137     0.36729     0.74487     0.89227      0.2426      0.1296     0.22507     0.35001     0.28708     0.92749
0.051314     0.59267      0.1629     0.83841     0.16756      0.5022     0.99933     0.35541    0.047078     0.21366     0.39784     0.33367      0.2296
0.93612     0.68319     0.96211     0.43797     0.94034   0.0058343     0.61031     0.80108     0.23298     0.93247     0.76326     0.82645     0.57346
0.79258     0.32904     0.22346     0.31239     0.58452     0.82991     0.29046     0.40255     0.86206     0.61474     0.99119      0.2037     0.82721
0.67586     0.24895     0.47579     0.39908     0.59944     0.80052     0.10507     0.82144     0.84109     0.35451     0.43007     0.57224     0.70082
Random Numbers 2 
0.74247     0.75788     0.38913      0.4293     0.95634     0.57297     0.84972
0.27635     0.62232     0.58836     0.96347    0.085903      0.5005     0.52159
0.090166     0.90467     0.88439     0.43899     0.78172     0.14847     0.61982
0.26062     0.44566       0.844      0.1962     0.30385     0.48329     0.33781
0.79849     0.98749     0.15905     0.23688     0.70224     0.37547      0.9737
0.97231      0.6437      0.8601     0.40188     0.63193     0.98524     0.55948
0.93359     0.72034     0.48404     0.63903     0.88764     0.19874     0.39537
0.99218     0.40235     0.65886     0.90135     0.99538     0.65316     0.10844
0.036114     0.61809     0.56714     0.96196     0.74611     0.66252     0.52331
